1014
801 179 316
793 33 252
628 148 136
456 131 309
443 24 380
519 286 185
211 220 131
355 288 362
48 51 350
309 276 40
474 131 336
695 129 197
603 382 32
325 308 323
82 122 341
244 19 363
93 331 100
696 260 298
129 25 204
194 350 393
928 399 36
195 75 371
345 360 314
299 366 353
6 344 127
1004 379 68
758 4 213
139 304 288
19 90 90
735 148 224
754 95 153
413 150 363
60 317 203
876 25 356
712 224 67
872 343 76
658 395 270
777 349 68
136 60 203
283 106 36
949 383 291
41 232 199
331 263 386
304 83 246
678 8 198
829 235 185
143 328 353
441 392 94
23 161 390
535 219 383
412 180 324
138 40 318
813 388 234
383 323 275
357 375 249
890 39 1
50 265 75
470 355 32
268 237 165
810 353 84
973 206 200
689 58 343
431 116 223
368 248 300
704 187 370
941 13 2
505 1 41
354 303 89
978 356 158
789 33 157
77 97 340
765 38 332
58 121 398
969 40 335
408 155 231
596 324 379
909 187 136
853 21 263
933 366 112
365 38 46
451 249 259
191 275 364
688 375 389
791 284 54
471 340 379
487 215 256
4 167 79
290 8 38
422 346 366
848 26 314
125 49 202
572 283 304
1006 375 290
864 82 22
666 192 187
561 337 136
447 354 72
342 55 206
726 118 98
350 258 10
433 92 25
310 320 8
616 202 395
573 6 102
592 120 108
380 282 21
674 148 168
792 361 345
47 316 196
271 45 173
400 125 165
241 113 163
629 307 153
439 81 271
391 20 246
869 164 136
220 355 348
630 72 312
192 275 160
326 294 163
752 2 85
302 393 82
954 274 220
159 371 81
694 310 211
867 279 280
955 221 47
528 172 201
189 155 154
164 312 21
539 5 272
896 78 70
429 349 336
514 173 332
86 111 191
295 351 365
716 206 156
13 316 389
593 277 104
501 307 327
381 91 29
799 376 179
669 234 21
90 57 135
475 200 78
69 264 85
868 135 261
379 113 15
432 372 382
320 378 29
926 197 257
680 336 303
632 397 68
834 389 80
486 247 85
284 198 332
71 275 52
339 118 340
79 14 314
807 300 173
917 1 22
445 220 266
846 23 180
529 141 74
12 264 296
26 361 39
40 117 189
362 82 218
344 168 337
130 11 274
818 222 219
668 267 181
667 94 151
717 309 303
513 121 213
975 216 84
708 165 43
131 103 354
24 57 220
382 206 132
182 384 214
52 32 238
64 232 144
947 99 362
335 72 47
168 231 361
843 87 17
204 320 96
548 105 100
556 135 292
607 187 122
652 392 333
94 175 255
871 89 101
208 49 70
859 204 101
698 36 383
229 150 384
873 14 42
578 392 189
907 318 75
774 23 49
649 181 213
929 174 164
741 192 128
983 320 80
46 27 52
181 54 210
230 37 345
266 383 335
480 23 27
772 13 72
536 328 61
559 16 276
322 181 319
661 379 387
957 303 240
1002 320 72
488 214 328
497 345 341
692 251 370
923 16 131
924 308 353
714 0 344
602 27 188
469 170 90
18 374 112
557 346 221
305 32 264
428 178 390
707 259 226
491 165 217
809 314 20
410 276 109
449 38 89
805 13 214
257 23 39
581 366 370
738 331 382
190 186 355
699 351 301
739 259 293
2 17 352
455 110 229
584 272 388
546 65 360
764 351 268
886 47 3
8 367 396
910 99 52
463 109 276
898 351 382
11 169 149
1010 155 390
583 350 284
744 342 28
446 334 13
888 202 213
296 3 29
38 183 85
223 236 181
806 184 127
360 220 373
406 24 86
83 259 122
301 297 332
838 278 3
877 15 121
329 386 45
81 383 72
358 365 102
811 325 4
986 6 275
158 107 160
171 229 244
453 352 194
857 256 174
625 58 217
209 156 341
370 264 350
914 30 213
317 275 280
710 249 254
748 158 89
278 17 171
328 242 77
397 168 293
671 348 345
563 228 209
462 190 277
897 357 289
146 41 337
121 49 1
534 20 168
399 180 371
967 234 389
882 53 154
91 312 247
974 228 212
921 286 390
387 377 346
66 43 236
976 298 274
769 345 357
817 228 364
800 187 332
148 397 138
802 247 220
552 94 86
842 175 257
512 132 108
524 292 281
127 115 179
784 318 185
981 210 26
54 221 18
273 198 383
7 310 112
757 178 290
936 308 378
697 243 277
847 254 25
92 317 303
245 42 396
141 228 80
308 150 185
821 314 279
318 334 128
530 228 246
402 14 168
785 154 208
101 91 50
95 34 266
722 329 125
911 110 164
53 376 387
831 66 371
701 372 269
120 293 9
731 142 23
564 319 171
851 322 388
972 281 186
375 280 149
679 332 73
349 292 84
874 295 228
750 85 128
647 95 164
858 258 365
425 283 347
285 166 202
711 229 99
903 381 166
252 9 329
411 84 32
644 377 165
582 172 14
75 137 278
415 167 398
255 375 33
1008 304 35
70 248 326
608 136 385
1005 175 21
258 114 288
753 66 264
132 225 241
237 332 340
458 40 75
303 349 214
540 37 183
825 174 54
854 77 311
944 158 328
376 37 66
478 172 264
622 226 379
351 152 392
721 254 143
343 46 305
822 103 298
307 120 87
542 0 171
790 112 12
126 74 180
579 266 239
621 280 266
918 249 285
63 397 375
527 257 245
356 225 187
966 172 293
998 103 177
207 273 178
293 288 358
588 372 224
249 353 91
175 71 250
676 382 315
173 335 20
849 119 269
751 192 112
916 0 77
508 232 117
298 356 282
336 46 358
468 83 45
369 142 227
835 241 57
724 382 175
363 397 271
390 245 263
483 37 289
374 207 46
878 290 31
720 193 272
461 113 294
165 339 269
650 239 68
300 341 150
103 33 201
106 316 284
347 56 15
706 200 357
520 130 229
359 283 256
946 268 164
544 92 52
442 217 43
291 23 156
150 204 69
795 171 36
464 395 127
17 343 351
1013 309 44
218 162 170
657 154 377
747 97 30
319 42 314
161 111 197
21 326 386
895 146 253
771 112 102
479 206 76
715 140 63
925 126 180
373 230 63
550 271 194
953 30 31
740 382 19
28 17 252
541 258 319
935 143 389
198 90 254
515 167 13
840 349 362
994 88 1
25 160 378
963 104 6
334 270 162
905 154 247
938 198 47
421 308 273
5 229 171
155 147 362
623 202 399
845 366 197
424 143 312
465 82 30
324 131 63
435 21 19
824 312 275
570 195 231
690 13 73
893 398 209
939 326 259
197 211 364
725 147 166
990 244 27
215 258 127
682 314 139
332 379 218
855 137 223
44 75 319
700 235 229
196 255 109
264 315 83
430 104 246
183 9 33
775 274 91
274 169 315
850 317 384
619 127 105
492 133 383
733 291 176
254 88 125
409 285 90
1011 367 144
214 70 33
549 88 18
3 397 72
122 179 285
932 370 148
631 322 207
597 32 63
472 392 42
145 385 349
1009 87 208
996 317 38
248 230 58
883 60 120
589 395 393
33 328 332
482 69 112
836 159 294
427 384 23
670 290 341
262 56 369
585 304 378
156 245 20
414 156 306
532 237 242
467 222 141
642 127 50
875 137 3
985 312 117
200 251 262
899 64 103
420 395 38
545 240 285
137 107 123
518 305 177
574 88 388
59 357 394
102 322 307
734 367 24
96 174 363
419 66 255
687 165 253
681 122 293
879 13 59
987 69 231
134 157 201
166 114 167
270 72 322
922 45 270
755 54 118
68 322 235
416 165 267
576 371 338
595 385 139
1007 20 39
533 341 299
627 313 41
523 357 303
727 240 126
852 374 73
281 133 235
444 176 309
537 329 117
591 313 2
22 345 114
553 134 295
705 272 259
942 119 67
162 331 222
30 117 62
246 108 76
394 328 75
803 72 25
109 219 253
118 399 81
598 48 204
902 214 241
149 359 15
315 69 29
880 205 56
116 198 174
34 20 195
767 232 241
234 101 290
476 39 151
16 112 319
348 146 92
565 187 315
558 302 59
773 260 8
940 6 300
154 203 232
250 334 178
506 121 349
919 396 104
862 5 15
516 257 158
931 86 235
157 97 259
703 342 57
1012 335 97
232 140 228
313 384 355
968 197 9
151 77 47
691 265 49
912 89 294
730 178 102
185 125 237
920 63 245
798 253 4
338 60 62
551 273 54
580 108 175
395 5 293
438 133 198
531 236 92
163 169 310
502 370 101
828 287 273
436 288 168
457 225 258
759 305 344
108 20 147
115 252 228
904 80 318
999 142 270
485 134 35
117 208 170
228 27 98
648 191 230
39 383 325
178 47 335
316 351 167
213 13 279
396 271 139
489 28 207
656 236 121
9 234 269
948 224 153
891 380 161
51 375 42
1003 69 80
404 320 146
29 192 274
600 228 23
844 370 4
128 324 239
685 166 69
970 108 391
768 383 377
820 46 144
226 227 4
677 362 390
1000 15 17
259 332 259
562 245 205
640 72 288
815 153 151
952 226 38
78 47 312
172 285 118
737 106 337
778 358 215
289 357 236
384 364 176
937 21 66
261 198 141
992 30 185
781 65 316
839 137 214
885 221 346
870 164 226
216 5 228
418 50 331
481 173 233
770 363 335
814 332 347
174 344 265
473 311 73
991 200 69
620 324 37
729 125 174
110 173 369
510 49 19
865 360 133
205 172 285
606 232 290
247 96 236
571 331 148
321 214 372
945 11 386
160 134 80
385 253 193
613 213 292
826 196 153
927 83 259
74 2 353
684 148 17
45 336 55
611 321 198
80 108 157
686 171 238
388 237 8
251 112 20
169 99 274
962 263 361
87 359 198
392 63 16
594 325 303
386 192 178
641 353 342
908 157 80
894 93 79
749 380 216
113 36 334
554 260 57
72 77 162
99 61 213
36 218 194
762 64 344
982 257 269
995 89 51
989 297 257
170 110 363
683 211 110
279 120 82
280 44 286
517 5 105
609 354 205
459 207 172
522 362 8
184 328 269
709 30 274
760 249 91
856 245 95
0 51 193
663 87 320
124 18 389
366 48 217
265 251 232
67 147 110
352 47 392
224 45 81
231 343 389
297 129 276
610 332 65
340 121 376
702 137 318
495 47 50
718 212 42
881 97 121
206 356 334
951 148 120
466 375 18
626 138 125
210 203 108
494 140 5
454 184 154
236 379 206
743 351 172
221 208 191
913 264 152
256 224 223
107 170 319
634 330 107
509 25 271
615 339 144
225 384 345
569 233 214
713 265 160
605 236 324
477 397 155
538 202 272
645 282 380
958 285 233
73 352 354
240 71 380
841 241 361
732 6 59
10 181 116
286 347 205
525 259 376
55 65 221
364 292 299
1001 143 46
144 25 309
590 329 84
673 25 265
984 87 122
587 362 228
672 307 340
98 129 335
62 291 1
104 179 333
105 267 251
153 87 32
267 281 274
378 327 97
819 55 363
934 399 22
212 107 136
49 252 355
235 214 152
889 115 118
217 251 41
901 366 1
393 226 361
1 20 322
88 201 322
37 219 390
372 92 237
728 264 208
437 274 145
193 231 18
277 240 282
490 272 373
965 17 184
979 156 163
971 3 345
639 346 12
243 276 345
341 231 54
20 88 322
180 272 245
961 38 306
403 202 271
560 121 204
577 151 20
114 312 166
823 212 397
100 78 202
787 116 389
756 332 30
97 67 141
693 99 171
333 320 121
423 211 308
371 184 341
547 318 277
887 337 119
179 80 108
780 266 17
643 235 391
654 299 341
199 3 130
604 366 211
659 357 23
746 147 285
498 286 66
915 270 92
719 126 201
203 11 381
448 268 68
675 294 133
832 174 395
112 162 323
993 236 387
504 124 155
637 162 183
89 227 91
337 262 341
575 29 108
892 362 322
119 131 220
997 347 338
964 385 11
76 95 157
405 80 112
660 365 346
167 387 77
346 93 126
830 68 42
272 148 144
782 187 181
665 137 145
988 216 339
152 201 226
239 209 233
507 69 146
812 50 228
123 56 311
796 138 314
493 359 211
426 252 297
32 104 136
779 23 385
651 59 280
827 274 170
188 163 131
555 187 25
816 241 316
499 97 177
222 186 231
543 6 169
884 137 345
260 44 216
662 310 33
263 112 67
276 194 388
330 7 234
452 80 396
511 271 224
417 307 52
863 236 209
85 221 292
736 346 31
950 106 259
42 361 173
960 32 55
638 236 395
407 248 270
434 347 290
766 32 269
61 284 95
147 146 201
599 396 317
111 122 390
980 12 255
253 293 399
401 386 146
201 41 115
612 181 72
633 249 95
282 263 156
135 187 304
788 182 356
956 215 212
783 313 354
176 167 276
566 74 165
786 272 249
288 122 16
311 70 0
745 161 34
327 319 123
521 24 224
794 21 70
808 221 353
238 357 1
287 108 80
242 262 309
65 92 104
943 305 171
617 252 88
314 138 51
567 158 138
377 196 243
219 269 319
601 291 128
655 233 169
833 42 68
186 274 268
635 327 268
312 170 157
804 253 285
500 340 185
306 119 40
776 111 124
15 197 75
294 344 120
653 261 274
292 384 120
460 229 183
646 215 94
526 75 107
177 197 178
233 27 281
353 175 341
31 290 156
484 200 133
503 199 365
140 12 278
761 211 48
269 322 28
496 138 256
837 143 189
27 195 306
861 62 51
398 386 298
723 356 34
389 110 289
227 328 328
742 233 306
56 373 65
84 317 104
586 239 343
906 127 18
930 379 114
440 51 300
624 88 47
797 143 125
142 243 62
664 189 24
866 132 191
14 3 111
450 361 118
133 186 211
361 273 290
900 245 123
187 342 178
568 302 47
860 309 368
275 78 242
636 223 249
959 205 30
43 197 213
57 147 326
202 27 215
367 3 232
323 166 142
35 51 45
614 259 391
618 309 225
763 165 350
977 18 138
