1123
103 1011 788
106 1046 380
349 791 358
108 791 326
535 1135 777
368 636 1120
669 581 834
1038 221 202
70 245 226
604 245 202
736 491 414
918 525 414
781 525 380
1103 690 190
1069 584 918
455 622 918
1072 209 834
163 864 563
799 844 543
987 904 1004
1079 858 1004
365 1136 1085
327 1136 1125
235 380 255
975 130 328
277 1034 1050
384 41 173
28 953 995
171 688 667
1027 443 897
151 407 897
388 716 454
224 1141 290
46 1082 98
871 33 975
467 277 1118
1061 71 421
429 71 395
802 223 695
444 1166 394
281 503 927
985 481 949
72 1172 456
419 133 586
548 133 566
674 153 566
7 153 586
82 1002 264
653 1002 208
221 625 241
109 625 273
357 593 241
458 780 1050
558 826 1096
637 145 911
963 145 957
706 158 262
35 180 262
67 267 1008
1036 237 978
765 802 552
691 802 592
547 136 419
203 136 443
289 784 1128
68 555 405
117 585 375
649 585 405
1097 520 248
582 464 248
423 598 1058
292 598 1038
603 578 1058
264 669 48
854 1161 1012
418 834 868
387 868 347
190 844 371
900 825 12
907 542 510
386 570 510
570 930 495
270 636 1121
1087 532 764
275 210 738
340 1046 494
636 780 228
715 435 764
833 532 763
725 235 105
848 143 103
283 721 1009
948 525 1131
97 483 55
343 290 454
698 289 121
318 858 1049
974 56 1088
947 55 1197
950 430 1091
949 42 123
966 689 715
782 1132 895
85 23 816
1104 78 871
543 40 752
361 40 684
469 947 264
841 92 702
702 464 303
69 863 500
254 728 48
335 834 803
628 228 1161
914 348 928
1070 292 928
681 301 321
177 945 788
1120 932 381
378 760 326
865 1199 777
818 977 88
1094 907 158
955 653 832
170 436 764
307 529 765
693 234 11
14 632 190
84 690 188
880 966 28
665 923 29
195 965 29
94 188 455
989 1096 1124
823 702 625
389 616 625
940 616 533
490 702 533
1078 130 287
363 88 287
360 443 862
169 1141 255
588 1106 290
1029 383 458
1050 341 1052
1065 1092 645
370 1123 614
215 1124 645
968 225 615
47 301 615
15 1136 103
463 152 1059
780 152 1027
1060 441 213
523 879 890
513 909 922
421 879 922
899 238 1008
596 763 592
514 155 702
86 154 765
409 1121 961
881 1122 928
1089 1044 1140
599 1001 1139
755 428 360
911 555 376
960 110 32
196 191 144
402 192 179
451 157 144
926 157 180
503 768 804
961 413 623
425 369 623
1051 1010 854
0 945 855
743 780 177
896 738 1124
445 909 89
607 979 157
75 221 225
253 222 226
557 720 1055
903 675 1008
111 213 834
473 569 1130
515 398 52
728 291 557
748 187 557
773 361 49
951 291 47
991 904 1006
936 160 1088
800 424 301
250 380 299
437 1008 994
598 736 669
286 1036 96
727 1082 54
44 1037 53
497 1084 846
40 1131 845
654 96 395
619 97 420
220 23 869
984 300 615
296 223 618
102 1134 190
584 1174 506
449 1172 458
585 947 263
364 780 1094
537 100 912
12 159 419
58 160 442
1054 785 1185
539 466 304
573 519 303
375 860 421
1057 868 370
1074 844 348
1116 825 35
288 801 35
640 569 510
924 342 277
912 1137 712
925 978 157
946 435 671
908 995 664
324 934 603
839 932 605
776 931 664
645 148 11
927 688 131
708 630 187
238 620 956
572 586 956
62 845 563
27 863 543
861 55 1092
372 90 328
191 1033 1070
210 1015 1050
840 1014 1069
740 1008 941
810 1006 995
309 407 863
703 1107 254
803 383 552
789 32 940
767 31 975
356 340 1118
200 78 817
957 303 691
32 482 927
204 503 948
54 946 211
687 1035 828
657 1056 807
494 1035 806
568 1056 827
1016 1034 807
635 158 283
420 179 284
428 530 214
240 801 591
471 842 1131
269 1044 1181
125 356 358
508 425 433
1035 352 362
1014 786 500
48 783 425
152 578 1039
22 669 45
682 156 178
859 768 865
849 411 580
176 295 873
95 759 356
747 829 177
492 642 1120
522 531 760
741 995 607
1052 493 380
670 236 16
663 673 1053
1064 570 1174
51 292 460
851 901 1050
267 60 1089
1 68 537
135 495 1091
853 497 1023
280 429 1025
777 423 255
76 91 126
30 689 669
988 733 667
251 686 456
132 687 483
460 472 552
236 473 461
852 1080 53
836 1039 98
754 1093 615
156 1124 616
333 298 695
589 183 1057
239 183 1029
717 593 271
60 824 1051
813 145 914
130 101 956
1059 909 891
701 266 979
385 237 980
456 153 764
758 155 762
811 1090 927
895 1089 960
965 1088 929
367 672 47
332 833 865
602 830 868
39 344 318
980 300 318
341 300 280
1100 1037 380
81 931 387
310 936 382
730 829 226
205 912 160
141 145 16
282 302 742
1030 299 739
1034 402 53
248 358 120
328 58 1194
962 66 632
1110 1099 1085
1080 91 328
575 1009 943
110 53 314
186 49 238
660 385 460
410 279 1055
745 225 691
905 946 260
892 532 122
1107 442 122
290 764 553
655 801 554
744 799 552
824 763 590
952 784 1182
531 841 1183
234 787 1185
756 1002 1140
561 1001 1181
986 787 423
967 861 425
845 68 34
998 772 803
529 279 1163
882 371 581
564 292 925
672 344 929
680 347 876
826 568 482
1114 543 483
618 943 850
888 1041 385
172 583 766
87 586 763
96 222 225
611 621 920
794 305 746
1058 527 1174
832 400 50
897 481 51
29 900 1004
64 66 537
211 70 627
185 87 123
34 736 711
774 50 240
158 468 554
123 0 975
1022 1173 503
921 782 1094
247 94 762
867 787 1130
768 786 497
650 156 177
382 192 147
919 1164 1081
150 801 14
304 802 35
45 303 278
856 340 277
100 733 1125
920 972 160
1109 582 828
648 650 766
942 230 13
164 630 136
616 686 188
956 863 562
877 482 49
440 291 551
183 161 1095
219 493 1090
147 1132 1085
291 1135 1088
443 700 537
507 130 290
140 126 286
1021 91 128
124 86 173
796 54 245
870 716 481
785 689 454
400 1084 891
383 1133 890
997 343 1112
742 1168 343
198 1169 392
366 949 262
1010 625 270
17 593 270
476 527 119
580 267 981
801 240 978
772 264 978
496 762 556
120 800 554
454 583 404
1081 515 304
181 578 1056
729 70 75
923 107 76
1007 111 72
634 1166 1082
90 1161 1077
527 833 807
752 1006 854
143 1010 850
835 1044 486
155 1038 492
996 1194 711
278 731 1124
837 938 667
632 231 101
658 305 824
314 530 1130
898 475 55
633 286 459
1019 282 559
165 295 120
1002 56 1098
380 155 1195
1091 64 538
483 698 622
474 704 542
1032 1003 939
465 732 714
450 1041 98
559 1040 97
77 1172 394
891 1167 389
825 826 1091
982 140 911
822 150 764
1106 156 758
711 836 1128
805 352 426
1009 517 301
506 292 879
262 342 929
821 304 320
1084 1046 393
237 933 486
869 440 672
486 530 676
302 226 11
475 688 135
217 922 24
935 211 747
549 483 46
578 187 465
601 292 116
1056 70 623
326 499 1029
938 44 237
846 467 460
9 1089 895
893 41 744
876 1172 500
315 443 125
526 790 1185
424 770 808
546 775 867
413 828 804
879 834 860
166 944 848
762 1032 381
433 762 357
928 644 1125
502 910 94
571 915 89
26 970 160
331 523 670
59 931 611
978 987 667
279 237 93
396 155 105
553 636 188
1063 525 1170
718 279 454
66 196 457
554 904 1044
246 152 1090
1075 60 1096
806 67 1197
540 66 542
820 1132 1124
656 1097 1089
19 613 545
1037 426 261
885 959 940
415 735 672
623 387 549
566 391 553
828 470 464
910 382 468
104 1082 58
162 1120 614
1033 25 820
1045 295 693
322 36 748
858 1144 192
398 179 1059
311 953 208
536 597 273
945 780 1090
79 882 922
510 882 890
646 878 918
188 581 375
857 469 302
977 726 43
700 931 481
775 1142 775
1102 653 772
303 531 680
362 521 762
719 519 764
308 936 607
342 143 24
268 224 105
757 966 23
639 218 742
779 298 828
724 211 823
683 217 743
972 478 49
563 410 55
1031 358 53
819 67 1090
416 149 1088
592 705 612
620 124 328
784 1007 945
133 2 939
872 1128 847
493 31 871
468 71 871
797 1136 113
542 481 930
1096 1175 502
11 1179 506
339 1037 806
394 524 212
427 441 129
759 92 756
816 95 707
532 789 1183
1113 835 1185
80 791 1185
453 1039 1140
569 520 296
213 472 248
933 516 252
101 465 297
844 107 34
678 160 145
675 543 507
478 542 486
538 1008 795
173 1008 849
953 940 388
337 945 494
694 1193 775
379 1197 771
544 1198 770
863 1199 719
778 651 1120
624 738 1135
834 637 1134
979 524 410
901 525 409
16 232 20
119 143 91
187 149 97
1066 234 22
576 682 189
995 679 1009
873 673 1015
600 222 833
121 189 547
276 362 110
915 897 1004
91 1136 1119
393 614 612
860 1034 1067
875 693 713
732 689 709
560 45 316
222 471 467
138 463 553
878 283 1114
56 277 1108
944 279 1110
1053 95 397
917 297 689
533 301 625
817 1146 104
615 133 583
941 820 1095
306 100 917
391 106 911
178 140 955
712 138 957
922 453 118
23 529 206
753 767 553
462 802 558
466 796 552
209 785 1178
581 418 359
808 861 491
439 670 40
122 300 284
417 1046 477
1043 1137 768
43 908 149
78 974 95
545 977 98
764 916 91
179 908 99
733 918 159
399 911 152
890 583 772
297 529 752
667 938 606
1047 986 666
294 225 226
426 145 92
505 223 104
432 689 181
194 590 918
791 584 924
407 587 921
664 622 924
913 224 738
258 293 742
249 292 832
351 398 41
447 202 559
485 187 544
787 300 47
1071 300 121
8 499 1080
381 489 1022
233 622 539
71 623 538
731 125 326
593 43 167
4 91 165
197 41 131
696 956 945
686 694 669
127 688 707
10 410 864
6 438 862
313 715 458
442 475 539
180 382 541
530 27 939
271 0 972
452 1133 853
750 1083 853
541 1091 845
376 76 865
350 24 823
245 290 695
643 1136 181
316 178 1027
737 179 1028
916 999 214
884 1000 257
404 993 208
272 450 210
265 880 893
1073 908 919
42 100 763
299 362 360
344 364 434
651 512 249
113 473 304
684 794 423
707 67 69
128 109 71
688 679 48
1046 186 144
504 156 150
243 1168 1017
348 776 805
647 768 813
1006 778 803
690 827 864
904 236 1161
771 227 1170
160 805 12
638 821 36
677 372 620
1108 369 587
1048 1000 855
57 1003 792
662 1031 491
1003 788 176
115 779 185
334 450 764
721 985 604
518 491 408
735 494 411
52 519 380
49 519 414
583 157 13
868 300 750
519 304 754
112 566 1133
207 361 59
520 55 1180
812 65 1096
746 58 1103
610 429 1079
550 441 1091
709 439 1023
1024 430 1032
477 435 1085
345 1096 1118
63 1102 1124
182 690 624
722 381 294
517 387 300
788 40 319
330 45 314
2 473 472
969 466 465
105 1044 52
319 1082 90
459 1074 52
1055 234 692
371 293 619
301 819 1095
516 456 118
228 1094 927
699 1088 933
202 793 1185
929 354 423
74 854 496
605 862 434
403 303 316
1017 1027 494
671 1045 400
377 938 483
831 791 352
431 1189 711
1092 1189 777
317 651 823
411 593 833
274 442 755
751 994 656
1004 160 105
263 221 12
710 713 1009
697 718 1014
20 287 738
13 292 540
556 200 554
499 275 457
154 199 461
293 200 555
148 161 1181
591 158 1102
954 495 1082
973 89 166
359 956 988
435 961 993
244 50 308
159 472 540
738 392 464
55 1086 851
1112 335 1114
412 1124 620
714 29 819
579 301 682
528 183 1033
676 1170 388
320 483 929
685 1181 456
501 992 208
1098 955 263
149 947 255
137 996 260
397 998 258
354 1052 806
586 1034 810
395 624 246
889 619 241
1005 449 126
847 439 196
18 533 198
414 92 713
392 1043 1146
1020 428 420
405 422 426
644 417 431
352 464 258
295 673 41
1090 677 45
930 830 810
227 775 807
157 271 1161
804 409 620
142 373 584
369 954 790
489 944 800
1068 943 801
134 1042 399
641 782 183
61 831 186
498 787 226
970 831 218
199 783 182
1067 1140 769
93 1148 711
408 979 146
1011 971 154
886 640 763
815 640 833
883 513 765
790 143 87
793 159 103
216 144 28
261 290 830
795 221 827
1076 219 825
1119 280 463
1042 292 475
41 283 466
679 294 55
761 903 1012
436 54 1109
401 75 1088
464 130 294
1023 1014 1054
242 49 125
193 47 127
760 1009 984
338 411 864
829 412 863
932 710 484
855 1141 261
83 1106 260
689 33 968
92 290 1118
1095 335 1057
174 278 1064
24 73 398
629 76 395
145 25 862
567 233 621
630 300 682
606 227 683
609 228 684
88 238 616
511 28 752
976 35 691
992 789 1050
353 781 1088
487 788 1095
259 145 948
161 442 134
25 533 135
716 458 214
214 770 592
1121 422 367
184 560 404
1018 787 433
786 852 426
959 597 1055
1082 594 1058
305 582 1038
118 781 802
329 823 866
1041 827 862
126 338 874
612 998 789
373 1046 472
167 964 88
770 646 826
50 513 668
260 943 604
1093 937 610
937 521 411
257 491 387
488 524 386
666 154 19
792 930 28
642 682 1055
1117 683 1008
232 585 949
5 622 948
481 412 51
136 281 465
981 74 1091
705 690 675
597 729 670
1115 692 709
902 730 671
521 476 478
887 1133 174
617 143 765
273 155 443
783 138 440
146 1122 954
827 796 1186
336 791 1181
1111 841 1175
206 841 1139
1039 1035 1183
256 1009 1183
1122 1000 1148
114 111 67
241 76 32
713 1168 1076
33 863 371
1118 369 615
430 1011 841
491 1039 478
590 785 327
472 789 331
1062 759 333
1001 1143 717
625 1138 722
842 975 148
438 965 90
906 534 1175
943 274 555
1026 282 547
766 860 1012
749 859 1013
769 863 1009
1101 904 1040
661 54 1174
448 65 1185
325 484 1021
565 425 292
300 88 295
814 51 172
441 1105 282
934 40 738
763 1178 340
524 1172 495
168 1181 504
999 780 1086
595 819 1053
208 439 193
862 456 210
479 881 918
1015 885 890
192 144 703
321 151 710
723 102 705
850 467 257
577 681 47
1012 829 811
99 821 803
864 280 1172
704 296 881
695 546 484
668 344 287
284 1036 396
652 1135 762
1040 511 668
285 440 749
38 521 678
739 217 12
673 150 25
613 143 32
931 960 25
1008 677 1049
512 710 1056
993 678 1014
994 216 819
983 209 812
484 300 817
562 289 105
622 148 1097
1000 79 1198
153 483 1091
131 1102 1088
964 618 549
807 613 554
509 702 607
470 955 984
434 998 941
1086 966 995
1105 960 989
116 699 667
347 48 250
1085 462 466
552 458 462
909 398 462
692 291 1053
457 338 1108
266 71 401
555 67 816
594 229 627
390 230 626
574 1145 184
374 1151 190
798 1153 104
1049 483 946
223 518 123
587 237 985
346 267 985
525 508 303
551 821 866
37 379 624
298 404 581
231 406 583
866 403 580
1044 412 589
65 1010 803
189 1019 495
894 1144 718
21 657 1123
1028 910 102
461 912 100
1025 923 159
446 920 156
144 645 825
226 651 819
175 934 615
225 990 613
36 932 653
355 491 406
129 219 15
971 161 15
838 584 927
107 560 1176
255 527 1139
621 533 1173
3 353 56
958 899 1044
229 869 1050
312 139 1197
608 47 634
98 485 1024
1088 488 1085
480 683 533
726 632 536
252 390 256
482 426 266
139 420 260
614 50 126
358 81 125
1099 469 474
406 384 477
843 1138 176
627 816 1051
534 444 136
990 442 138
1077 446 134
809 148 708
830 1122 935
659 1089 934
212 1118 931
422 426 374
626 783 440
31 818 868
874 333 321
89 1008 802
218 654 1128
939 924 159
495 961 160
1013 909 144
734 510 763
73 516 757
1083 530 690
720 244 221
323 218 16
500 678 133
287 933 29
631 673 1044
230 233 834
53 302 759
201 844 558
